0,415
0,412
527,5
527,4
527,3
527,2
527,1
527,0
524,3
524,2
524,1
524,0
523,5
523,4
523,3
523,2
523,1
523,0
520,3
520,2
520,1
520,0
519,5
519,4
519,3
519,2
519,1
519,0
516,3
516,2
516,1
516,0
515,2
515,1
515,0
512,5
512,4
512,3
512,2
512,1
512,0
509,4
509,3
509,2
509,1
509,0
507,4
507,3
507,2
507,1
507,0
505,4
505,3
505,2
505,1
505,0
504,4
504,3
504,2
504,1
504,0
503,4
503,3
503,2
503,1
503,0
502,3
502,2
502,1
502,0
4,3
4,2
4,1
4,0
3,6
3,5
3,4
3,3
3,2
3,1
3,0
2,2
2,1
2,0
515,5
1,3
1,2
515,4
1,1
1,0
0,408
0,322
0,243
0,1
0,0
2,3
515,3
0,9
0,310
0,305
0,308
0,304
0,303
0,302
0,307
0,12
0,10
0,8
0,376
0,300
0,395
0,299
0,356
0,298
0,417
0,297
0,332
0,296
0,314
0,295
0,355
0,294
0,370
0,293
0,368
0,292
0,434
0,291
0,335
0,290
0,390
0,289
0,446
0,288
0,319
0,287
0,361
0,286
0,334
0,285
0,365
0,284
0,445
0,283
0,410
0,282
0,418
0,281
0,420
0,280
0,363
0,279
0,409
0,278
0,392
0,277
0,359
0,276
0,405
0,275
0,351
0,274
0,350
0,273
0,272
0,400
0,271
0,407
0,270
0,352
0,269
0,316
0,268
0,317
0,267
0,447
0,266
0,346
0,265
0,309
0,264
0,386
0,263
0,404
0,262
0,444
0,261
0,403
0,260
0,328
0,259
0,443
0,258
0,384
0,257
0,340
0,256
0,347
0,255
0,398
0,254
0,438
0,253
0,442
0,252
0,331
0,251
0,439
0,250
0,358
0,249
0,326
0,248
0,435
0,247
0,324
0,246
0,421
0,245
0,388
0,244
0,344
0,242
0,437
0,241
0,330
0,240
0,313
0,239
0,401
0,238
0,431
0,237
0,433
0,236
0,349
0,235
0,338
0,234
0,233
0,232
0,430
0,231
0,399
0,230
0,345
0,229
0,343
0,228
0,397
0,227
0,354
0,226
0,336
0,225
0,441
0,224
0,402
0,223
0,385
0,222
0,440
0,221
0,341
0,220
0,301
0,219
0,424
0,218
0,339
0,217
0,391
0,216
0,329
0,215
0,312
0,214
0,393
0,213
0,327
0,212
0,323
0,211
0,333
0,210
0,353
0,209
0,325
0,208
0,362
0,207
0,427
0,206
0,383
0,205
0,321
0,204
0,425
0,203
0,387
0,202
0,423
0,201
0,394
0,200
0,318
0,199
0,413
0,198
0,374
0,197
0,196
0,429
0,195
0,194
0,193
0,416
0,192
0,426
0,63
0,306
0,62
0,406
0,61
0,366
0,60
0,59
0,371
0,58
0,320
0,57
0,396
0,56
0,364
0,55
0,372
0,54
0,389
0,53
0,52
0,367
0,51
0,311
0,50
0,49
0,381
0,48
0,422
0,47
0,411
0,46
0,377
0,45
0,360
0,6
0,5
0,11
0,4
0,2
0,3
0,7
